INDEX	PREDICTION	GOLD
============================================================
0	1	1
1	1	0
2	1	0
3	0	0
4	0	1
5	0	1
6	1	1
7	0	1
8	0	0
9	1	0
10	1	1
11	0	0
12	0	0
13	0	0
14	0	0
15	0	0
16	1	1
17	0	0
18	0	0
19	0	0
20	1	1
21	0	0
22	0	1
23	1	0
24	1	1
25	0	1
26	0	1
27	1	0
28	0	1
29	1	0
30	0	1
31	1	1
32	0	0
33	0	1
34	0	1
35	0	0
36	0	0
37	0	1
38	0	0
39	0	1
40	0	1
41	0	0
42	1	0
43	1	0
44	1	0
45	1	1
46	0	1
47	1	0
48	0	1
49	0	1
50	1	0
51	0	1
52	0	0
53	1	0
54	0	1
55	0	1
56	0	1
57	0	1
58	1	1
59	1	1
60	0	1
61	0	1
62	0	1
63	0	1
64	0	0
65	1	0
66	1	1
67	0	0
68	0	1
69	0	1
70	1	1
71	0	0
72	0	1
73	0	0
74	0	0
75	1	0
76	1	0
77	0	1
78	0	1
79	1	0
80	1	1
81	0	0
82	0	0
83	0	1
84	0	1
85	0	1
86	1	1
87	0	1
88	1	0
89	1	0
90	1	0
91	0	0
92	0	0
93	0	0
94	1	0
95	0	1
96	0	1
97	0	1
98	0	0
99	1	1
100	1	0
101	1	1
102	0	1
103	0	0
104	0	0
105	1	1
106	1	0
107	0	0
108	0	1
109	1	0
110	0	0
111	0	1
112	1	1
113	1	0
114	0	0
115	1	1
116	0	0
117	0	1
118	0	1
119	1	0
120	1	1
121	0	1
122	0	0
123	1	0
124	1	1
125	1	1
126	0	0
127	1	0
128	0	1
129	0	1
130	1	0
131	0	1
132	0	0
133	1	1
134	1	1
135	0	0
136	0	1
137	0	1
138	0	1
139	1	0
140	1	1
141	0	1
142	0	1
143	0	0
144	0	0
145	0	1
146	0	1
147	1	0
148	0	1
149	0	1
150	1	1
151	1	1
152	1	0
153	1	1
154	0	0
155	0	1
156	0	0
157	0	0
158	1	0
159	1	1
160	1	0
161	1	1
162	1	0
163	0	0
164	0	0
165	0	1
166	0	0
167	0	0
168	1	1
169	0	1
170	0	0
171	0	0
172	0	1
173	0	1
174	0	0
175	0	0
176	0	1
177	0	1
178	0	0
179	0	0
180	0	1
181	0	0
182	0	0
183	0	0
184	0	1
185	0	0
186	0	1
187	0	1
188	0	1
189	1	0
190	0	1
191	1	1
192	0	1
193	0	1
194	0	0
195	1	1
196	1	1
197	0	0
198	1	0
199	0	0
200	1	1
201	0	1
202	0	0
203	0	1
204	0	0
205	1	1
206	1	1
207	0	0
208	0	1
209	1	1
210	0	1
211	1	1
212	0	1
213	1	0
214	0	0
215	0	0
216	0	0
217	0	1
218	0	1
219	0	1
220	1	0
221	0	1
222	0	1
223	1	1
224	1	0
225	0	0
226	0	1
227	0	1
228	1	0
229	0	0
230	0	1
231	0	0
232	1	0
233	0	1
234	1	1
235	0	0
236	0	1
237	1	0
238	1	0
239	0	0
240	0	1
241	1	1
242	0	1
243	1	1
244	0	0
245	0	0
246	0	1
247	1	1
248	1	0
249	0	1
250	1	1
251	0	0
252	0	1
253	1	1
254	0	0
255	1	0
256	0	1
257	1	0
258	0	1
259	0	0
260	1	1
261	1	0
262	0	0
263	1	1
264	1	1
265	0	1
266	0	0
267	0	1
268	0	0
269	0	1
270	1	1
271	0	0
272	0	0
273	1	1
274	0	0
275	0	0
276	0	0
277	0	1
278	0	1
279	0	0
280	0	1
281	1	1
282	0	1
283	0	0
284	1	0
285	1	1
286	0	0
287	0	1
288	0	0
289	0	0
290	1	0
291	0	1
292	0	0
293	1	0
294	1	0
295	0	0
296	1	0
297	1	0
298	0	1
299	0	1
300	0	1
301	0	1
302	0	1
303	1	0
304	1	1
305	1	0
306	0	0
307	1	0
308	1	0
309	0	0
310	0	0
311	1	0
312	0	0
313	0	1
314	0	0
315	1	0
316	1	1
317	0	1
318	0	1
319	0	0
320	0	1
321	0	1
322	0	1
323	0	1
324	1	0
325	0	1
326	0	1
327	0	1
328	0	0
329	0	0
330	0	0
331	0	1
332	0	0
333	0	0
334	0	0
335	1	1
336	1	0
337	0	1
338	0	1
339	0	1
340	1	1
341	0	1
342	0	1
343	1	1
344	1	1
345	0	1
346	0	1
347	1	0
348	1	0
349	0	0
350	1	0
351	0	1
352	1	0
353	1	0
354	0	0
355	1	0
356	0	0
357	1	1
358	1	0
359	0	1
360	0	1
361	1	0
362	0	0
363	0	0
364	0	0
365	0	0
366	0	0
367	0	0
368	1	1
369	1	0
370	0	0
371	1	1
372	0	1
373	1	0
374	0	1
375	1	0
376	1	0
377	0	1
378	0	1
379	1	1
380	0	1
381	1	0
382	1	0
383	0	0
384	0	1
385	1	0
386	0	1
387	0	0
388	1	0
389	0	0
390	1	1
391	0	0
392	1	1
393	1	0
394	0	0
395	0	1
396	0	1
397	1	1
398	1	0
399	1	0
400	0	1
401	0	0
402	0	0
403	0	0
404	0	0
405	1	1
406	0	1
407	0	1
408	0	1
409	1	0
410	0	1
411	0	1
412	0	0
413	0	1
414	0	0
415	1	1
416	0	0
417	0	0
418	0	0
419	0	1
420	0	0
421	0	0
422	0	1
423	0	1
424	1	1
425	0	0
426	1	1
427	0	0
428	1	1
429	1	0
430	0	1
431	0	0
432	0	0
433	0	1
434	1	1
435	0	0
436	0	1
437	1	0
438	0	1
439	0	0
440	0	1
441	1	1
442	1	0
443	0	1
444	1	0
445	0	1
446	0	1
447	0	0
448	0	0
449	1	0
450	0	0
451	0	1
452	0	1
453	0	1
454	0	1
455	0	1
456	0	1
457	1	0
458	0	1
459	0	1
460	0	0
461	1	0
462	1	0
463	1	0
464	0	0
465	0	1
466	1	1
467	1	0
468	0	1
469	1	1
470	1	0
471	0	0
472	1	0
473	1	0
474	1	0
475	0	1
476	0	1
477	0	1
478	1	1
479	1	1
480	1	1
481	1	1
482	1	1
483	0	1
484	1	0
485	0	1
486	1	1
487	0	0
488	0	0
489	0	1
490	0	1
491	1	1
492	0	1
493	0	1
494	0	0
495	1	1
496	0	0
497	0	1
498	0	0
499	0	0
500	0	1
501	0	0
502	0	1
503	1	0
504	0	1
505	0	1
506	1	1
507	1	1
508	0	0
509	0	1
510	1	0
511	0	0
512	1	1
513	0	1
514	0	1
515	1	0
516	1	0
517	0	0
518	0	0
519	0	1
520	1	0
521	1	0
522	0	0
523	1	0
524	0	0
525	0	1
526	0	0
527	0	1
528	0	1
529	0	0
530	0	0
531	0	0
532	0	1
533	0	0
534	1	0
535	0	1
536	0	0
537	1	0
538	0	0
539	1	0
540	0	1
541	1	0
542	0	0
543	1	0
544	1	1
545	0	1
546	0	1
547	1	0
548	0	1
549	1	0
550	1	0
551	0	0
552	0	0
553	1	1
554	0	1
555	0	1
556	0	0
557	1	1
558	1	1
559	0	0
560	0	1
561	1	0
562	0	1
563	0	1
564	1	0
565	1	1
566	0	1
567	1	1
568	1	1
569	0	0
570	0	1
571	0	0
572	0	0
573	1	0
574	0	1
575	1	0
576	0	0
577	0	1
578	1	1
579	1	1
580	0	1
581	0	1
582	1	1
583	1	1
584	1	0
585	0	0
586	0	0
587	0	1
588	1	0
589	1	0
590	1	0
591	1	0
592	1	0
593	0	0
594	1	0
595	0	0
596	0	1
597	0	1
598	0	0
599	0	0
600	0	1
601	0	0
602	0	1
603	1	1
604	1	1
605	0	1
606	1	1
607	0	1
608	1	0
609	1	0
610	0	0
611	1	1
612	0	1
613	1	1
614	1	0
615	0	0
616	1	0
617	0	0
618	0	1
619	0	0
620	0	1
621	0	0
622	1	1
623	1	0
624	0	1
625	0	1
626	0	0
627	1	1
628	1	0
629	1	1
630	0	1
631	1	1
632	0	1
633	0	0
634	0	1
635	0	1
636	0	0
637	0	0
638	0	1
639	1	0
640	1	0
641	1	0
642	0	1
643	0	1
644	0	0
645	1	0
646	0	1
647	1	0
648	1	0
649	0	1
650	0	1
651	1	1
652	0	1
653	1	0
654	1	0
655	1	0
656	0	1
657	1	0
658	0	1
659	0	1
660	1	1
661	0	0
662	1	0
663	0	1
664	0	0
665	0	0
666	0	0
667	0	0
668	0	1
669	1	0
670	1	0
671	1	1
672	0	1
673	1	0
674	1	0
675	0	0
676	0	0
677	1	1
678	0	1
679	1	1
680	0	1
681	1	0
682	0	1
683	0	0
684	0	0
685	0	1
686	1	0
687	0	1
688	0	1
689	0	0
690	0	0
691	0	0
692	0	1
693	0	0
694	0	1
695	1	0
696	0	1
